6031301560
120754259
3181377145
3148846960
1885247112
6097980578
5973709213
yanyan0214
5401310101
2138619910
suiyusuixi
2554751894
3211707587
345387242
5721076063
5082977697
3341753974
rayleesion
5908969861
5600640363
2386015737
ikowang
5357892076
1966966043
3308648277
5502551643
5592650779
3844267242
6035607156
2112109680
5445092017
2448452773
3911561031
2876424880
1763540653
5645430248
5903020247
2720629664
5496054312
tzwb001
2977091757
2988124615
2603312682
3188750384
1920306702
loveliyapeng
5211407497
3301453824
3909374084
5358214168
5512697854
3349995424
5107197749
2815167595
glfywmb
1959773377
1999081757
3374210710
3994326094
5272841622
6111077999
5639711111
327279787
5726734263
3121142680
2160260311
3419411402
fatxing
3296579967
5649828134
5706041116
2416712847
5726211975
5412425637
2790574187
3245003252
3350858924
5694056969
2708838983
5190057984
5963861577
5529476681
5247215577
5411080213
3836364002
2373302505
1960822612
chenweiguo3c
perfectviolino
5517217477
506340345
5831407839
2657608580
jeanloo
5708340381
3236840694
2182396140
579255443
5614560153
5610459429
1003855924
2435278645
3501761654
1773611355
5893095053
ciaracool
2409736732
5585472934
2757323730
ahut089114154
3206835467
2105553321
5274756135
2781664993
1000837782
5161427456
208282449
5975072429
GowithyourheartTJ
2679252745
2938467645
6197935936
5583087497
1924969895
2230600837
2464987504
3174727124
1946473010
lovelygao
generalcc
3676695414
0921xing
5890854372
577773533
5782845239
