2318253071
5795138183
1998360527
6019842117
6023319299
6026845436
6027926897
6025621785
2972328940
6021353098
6021390609
6029303567
6025701849
6023731953
6019590587
5783136803
6019786278
6027959978
2926102383
6020589395
5013601684
6028042046
6030169097
3168137542
6024034272
2604691313
6025624467
5787557242
1862356483
5780574375
2075765495
6021727081
6023795920
6025457986
2756523317
6027969306
2508061017
5463755179
6027895546
1171516341
5789118992
5648248745
5789504229
6028109085
1557234382
6029082356
6019927134
5787221334
6026736091
6029264133
6029125110
5780496219
3007828452
5784794395
5130290298
6028068031
5699665163
6029129363
6028073327
6025632602
6023306325
3861170670
1401634147
5379252437
5794269569
1890784392
2878371503
6028056573
5355606182
2526254305
6029207817
6025841749
5783470412
5788769110
5797546594
6029170811
6022266702
5072713274
1935260207
6027897076
6025462692
5791993081
6022375587
6026198697
6030431260
5784981046
6029372995
6020739910
6022242530
1066328134
6020721571
3871771899
6019945744
5780930550
6027372796
5788527118
2671109275
5315507283
5969610413
6105776665
5970352099
5920582846
5977648605
5923482645
3821832768
3319266123
3043507442
3045175810
3044799410
3044071430
3044086932
3045289740
3043943462
3045075494
3044368944
3044088994
3045073154
3045094994
3043693230
3044644234
3044038732
3044171550
3044176240
3043985690
3043578442
3045131692
3044092182
3043920632
3043740640
